3 5 14 6 6 13 5 9 6 12 9 13 5 9 9 5 14 11 13 9 3 11 6 12 5 7 5 3 9 9
9 13 11 7 13 3 13 15 15 15 13 7 3 3 5 6 13 9 5 6 15 15 13 5 9 15 10 15 14 5
6 7 15 15 15 10 13 7 15 3 3 9 7 3 9 11 12 5 13 13 13 15 15 11 15 12 3 13 7 11
14 3 9 14 10 12 14 14 13 13 9 6 15 13 13 15 14 5 3 7 3 13 7 3 13 3 13 11 5 5
13 13 11 3 12 6 11 14 3 15 11 11 10 12 12 9 10 10 13 6 15 14 12 15 15 7 11 14 10 10
14 11 7 6 13 12 5 7 15 15 3 9 9 10 6 9 6 7 6 12 15 11 12 6 14 13 15 11 13 3
7 15 13 5 5 3 6 5 10 10 9 13 7 12 9 11 13 11 6 15 15 7 14 14 15 15 15 14 14 3
14 13 3 10 13 9 9 7 3 13 6 11 12 10 10 10 14 7 6 10 6 14 11 11 15 14 13 10 9 10
5 3 10 3 5 10 10 7 3 10 12 12 12 3 6 13 7 6 9 7 12 12 9 7 15 5 6 9 15 11
7 3 12 6 12 6 5 5 9 6 9 7 7 13 13 14 10 14 14 11 10 11 7 11 9 12 7 13 12 13
5 12 13 3 9 12 6 14 3 11 14 13 9 5 11 13 14 7 12 15 7 15 3 6 12 14 5 12 12 13
6 7 10 10 6 6 10 15 3 7 15 13 5 12 14 9 13 6 11 14 7 6 6 7 7 3 12 12 11 6
6 5 11 5 10 6 9 15 5 14 7 7 7 5 5 9 14 7 13 6 15 3 10 3 15 6 5 7 7 12
10 3 6 6 14 11 15 15 5 6 14 11 13 13 13 6 12 5 12 7 6 10 5 13 15 15 14 15 15 3
9 15 7 15 14 12 6 5 6 7 9 13 14 9 13 13 15 6 3 7 5 11 15 13 14 13 3 7 11 6
6 15 15 15 11 15 13 14 7 7 3 6 15 5 9 6 9 12 13 7 5 9 12 14 11 15 11 12 9 14
3 6 11 12 6 7 13 13 15 7 15 12 5 6 11 6 6 3 5 14 10 15 11 13 5 12 5 15 11 7
12 13 7 13 15 14 14 13 13 10 12 9 11 11 5 3 7 9 9 12 5 14 6 7 10 3 3 6 10 6
6 7 12 11 9 11 7 7 7 13 6 3 10 12 5 10 3 15 7 11 5 13 3 15 14 11 5 12 5 12
9 15 3 12 11 6 7 14 14 15 11 11 5 12 12 15 9 3 14 12 12 7 13 7 5 11 13 15 12 5
7 14 12 5 15 11 9 10 12 14 11 3 9 9 3 12 6 13 6 3 15 9 10 11 10 5 3 12 11 10
11 9 11 13 7 14 3 5 9 5 13 14 7 9 5 12 12 13 10 11 11 3 13 14 13 7 13 3 10 5
10 12 11 11 12 6 13 10 9 13 13 13 9 15 14 11 14 13 9 9 7 5 14 3 9 15 13 11 13 14
13 3 13 6 10 13 7 15 14 7 10 7 9 9 10 7 6 3 14 12 9 12 13 13 5 7 15 13 3 10
7 6 6 10 13 15 11 11 12 12 3 9 15 12 6 14 3 10 13 9 3 14 11 15 11 3 9 14 5 5
6 12 12 10 9 11 6 12 14 10 3 3 7 14 15 15 9 9 12 14 15 7 3 9 13 9 9 12 12 5
9 3 11 13 3 14 13 3 13 3 3 3 6 15 7 7 3 10 9 15 15 14 15 9 3 11 13 6 11 3
13 15 13 11 5 13 13 10 7 10 12 10 7 11 9 11 10 12 5 5 3 14 10 5 3 15 14 15 15 3
7 9 12 11 3 13 6 3 15 11 11 10 11 11 13 7 7 6 7 15 6 11 15 14 9 11 9 13 15 14
9 5 10 12 9 6 6 9 12 10 10 10 10 10 9 9 9 9 9 9 13 9 12 7 5 6 3 5 14 9
